NODES:
50.00 670.00
150.00 670.00
250.00 670.00
350.00 670.00
450.00 670.00
550.00 670.00
650.00 670.00
750.00 670.00
850.00 670.00
950.00 670.00
50.00 570.00
150.00 570.00
250.00 570.00
350.00 570.00
450.00 570.00
550.00 570.00
650.00 570.00
750.00 570.00
850.00 570.00
950.00 570.00
50.00 470.00
150.00 470.00
250.00 470.00
350.00 470.00
450.00 470.00
550.00 470.00
650.00 470.00
750.00 470.00
850.00 470.00
950.00 470.00
50.00 370.00
150.00 370.00
250.00 370.00
350.00 370.00
450.00 370.00
550.00 370.00
650.00 370.00
750.00 370.00
850.00 370.00
950.00 370.00
50.00 270.00
150.00 270.00
250.00 270.00
350.00 270.00
450.00 270.00
550.00 270.00
650.00 270.00
750.00 270.00
850.00 270.00
950.00 270.00
50.00 170.00
150.00 170.00
250.00 170.00
350.00 170.00
450.00 170.00
550.00 170.00
650.00 170.00
750.00 170.00
850.00 170.00
950.00 170.00
1003.00 320.00
1019.00 390.00
1015.00 445.00
1014.00 534.00
1039.00 502.00
1093.00 462.00
1100.00 401.00
1080.00 339.00
1002.00 229.00
1042.00 270.00
1013.00 170.00
955.00 116.00
897.00 108.00
794.00 110.00
828.00 83.00
707.00 116.00
734.00 93.00
764.00 57.00
663.00 64.00
618.00 95.00
557.00 99.00
481.00 103.00
401.00 114.00
292.00 115.00
340.00 91.00
212.00 102.00
158.00 118.00
96.00 123.00
596.00 33.00
517.00 36.00
423.00 44.00
466.00 13.00
1004.00 611.00
1073.00 579.00
1032.00 660.00
1096.00 644.00
1123.00 530.00
EDGES:
0 1 true 100.00
0 10 true 100.00
0 11 true 141.42
0 1 true 100.00
0 10 true 100.00
0 11 true 141.42
1 0 true 100.00
1 0 true 100.00
1 2 true 100.00
1 10 true 141.42
1 11 true 100.00
1 12 true 141.42
1 2 true 100.00
1 10 true 141.42
1 11 true 100.00
1 12 true 141.42
2 1 true 100.00
2 1 true 100.00
2 3 true 100.00
2 11 true 141.42
2 12 true 100.00
2 13 true 141.42
2 3 true 100.00
2 11 true 141.42
2 12 true 100.00
2 13 true 141.42
3 2 true 100.00
3 2 true 100.00
3 4 true 100.00
3 12 true 141.42
3 13 true 100.00
3 14 true 141.42
3 4 true 100.00
3 12 true 141.42
3 13 true 100.00
3 14 true 141.42
4 3 true 100.00
4 3 true 100.00
4 5 true 100.00
4 13 true 141.42
4 14 true 100.00
4 15 true 141.42
4 5 true 100.00
4 13 true 141.42
4 14 true 100.00
4 15 true 141.42
5 4 true 100.00
5 4 true 100.00
5 6 true 100.00
5 14 true 141.42
5 15 true 100.00
5 16 true 141.42
5 6 true 100.00
5 14 true 141.42
5 15 true 100.00
5 16 true 141.42
6 5 true 100.00
6 5 true 100.00
6 7 true 100.00
6 15 true 141.42
6 16 true 100.00
6 17 true 141.42
6 7 true 100.00
6 15 true 141.42
6 16 true 100.00
6 17 true 141.42
7 6 true 100.00
7 6 true 100.00
7 8 true 100.00
7 16 true 141.42
7 17 true 100.00
7 18 true 141.42
7 8 true 100.00
7 16 true 141.42
7 17 true 100.00
7 18 true 141.42
8 7 true 100.00
8 7 true 100.00
8 9 true 100.00
8 17 true 141.42
8 18 true 100.00
8 19 true 141.42
8 9 true 100.00
8 17 true 141.42
8 18 true 100.00
8 19 true 141.42
9 8 true 100.00
9 8 true 100.00
9 18 true 141.42
9 19 true 100.00
9 18 true 141.42
9 19 true 100.00
9 92 true 79.98
9 94 true 82.61
10 0 true 100.00
10 1 true 141.42
10 0 true 100.00
10 1 true 141.42
10 11 true 100.00
10 20 true 100.00
10 21 true 141.42
10 11 true 100.00
10 20 true 100.00
10 21 true 141.42
11 0 true 141.42
11 1 true 100.00
11 2 true 141.42
11 10 true 100.00
11 0 true 141.42
11 1 true 100.00
11 2 true 141.42
11 10 true 100.00
11 12 true 100.00
11 20 true 141.42
11 21 true 100.00
11 22 true 141.42
11 12 true 100.00
11 20 true 141.42
11 21 true 100.00
11 22 true 141.42
12 1 true 141.42
12 2 true 100.00
12 3 true 141.42
12 11 true 100.00
12 1 true 141.42
12 2 true 100.00
12 3 true 141.42
12 11 true 100.00
12 13 true 100.00
12 21 true 141.42
12 22 true 100.00
12 23 true 141.42
12 13 true 100.00
12 21 true 141.42
12 22 true 100.00
12 23 true 141.42
13 2 true 141.42
13 3 true 100.00
13 4 true 141.42
13 12 true 100.00
13 2 true 141.42
13 3 true 100.00
13 4 true 141.42
13 12 true 100.00
13 14 true 100.00
13 22 true 141.42
13 23 true 100.00
13 24 true 141.42
13 14 true 100.00
13 22 true 141.42
13 23 true 100.00
13 24 true 141.42
14 3 true 141.42
14 4 true 100.00
14 5 true 141.42
14 13 true 100.00
14 3 true 141.42
14 4 true 100.00
14 5 true 141.42
14 13 true 100.00
14 15 true 100.00
14 23 true 141.42
14 24 true 100.00
14 25 true 141.42
14 15 true 100.00
14 23 true 141.42
14 24 true 100.00
14 25 true 141.42
15 4 true 141.42
15 5 true 100.00
15 6 true 141.42
15 14 true 100.00
15 4 true 141.42
15 5 true 100.00
15 6 true 141.42
15 14 true 100.00
15 16 true 100.00
15 24 true 141.42
15 25 true 100.00
15 26 true 141.42
15 16 true 100.00
15 24 true 141.42
15 25 true 100.00
15 26 true 141.42
16 5 true 141.42
16 6 true 100.00
16 7 true 141.42
16 15 true 100.00
16 5 true 141.42
16 6 true 100.00
16 7 true 141.42
16 15 true 100.00
16 17 true 100.00
16 25 true 141.42
16 26 true 100.00
16 27 true 141.42
16 17 true 100.00
16 25 true 141.42
16 26 true 100.00
16 27 true 141.42
17 6 true 141.42
17 7 true 100.00
17 8 true 141.42
17 16 true 100.00
17 6 true 141.42
17 7 true 100.00
17 8 true 141.42
17 16 true 100.00
17 18 true 100.00
17 26 true 141.42
17 27 true 100.00
17 28 true 141.42
17 18 true 100.00
17 26 true 141.42
17 27 true 100.00
17 28 true 141.42
18 7 true 141.42
18 8 true 100.00
18 9 true 141.42
18 17 true 100.00
18 7 true 141.42
18 8 true 100.00
18 9 true 141.42
18 17 true 100.00
18 19 true 100.00
18 27 true 141.42
18 28 true 100.00
18 29 true 141.42
18 19 true 100.00
18 27 true 141.42
18 28 true 100.00
18 29 true 141.42
19 8 true 141.42
19 9 true 100.00
19 18 true 100.00
19 8 true 141.42
19 9 true 100.00
19 18 true 100.00
19 28 true 141.42
19 29 true 100.00
19 28 true 141.42
19 29 true 100.00
19 63 true 73.43
19 92 true 67.80
20 10 true 100.00
20 11 true 141.42
20 10 true 100.00
20 11 true 141.42
20 21 true 100.00
20 30 true 100.00
20 31 true 141.42
20 21 true 100.00
20 30 true 100.00
20 31 true 141.42
21 10 true 141.42
21 11 true 100.00
21 12 true 141.42
21 20 true 100.00
21 10 true 141.42
21 11 true 100.00
21 12 true 141.42
21 20 true 100.00
21 22 true 100.00
21 30 true 141.42
21 31 true 100.00
21 32 true 141.42
21 22 true 100.00
21 30 true 141.42
21 31 true 100.00
21 32 true 141.42
22 11 true 141.42
22 12 true 100.00
22 13 true 141.42
22 21 true 100.00
22 11 true 141.42
22 12 true 100.00
22 13 true 141.42
22 21 true 100.00
22 23 true 100.00
22 31 true 141.42
22 32 true 100.00
22 33 true 141.42
22 23 true 100.00
22 31 true 141.42
22 32 true 100.00
22 33 true 141.42
23 12 true 141.42
23 13 true 100.00
23 14 true 141.42
23 22 true 100.00
23 12 true 141.42
23 13 true 100.00
23 14 true 141.42
23 22 true 100.00
23 24 true 100.00
23 32 true 141.42
23 33 true 100.00
23 34 true 141.42
23 24 true 100.00
23 32 true 141.42
23 33 true 100.00
23 34 true 141.42
24 13 true 141.42
24 14 true 100.00
24 15 true 141.42
24 23 true 100.00
24 13 true 141.42
24 14 true 100.00
24 15 true 141.42
24 23 true 100.00
24 25 true 100.00
24 33 true 141.42
24 34 true 100.00
24 35 true 141.42
24 25 true 100.00
24 33 true 141.42
24 34 true 100.00
24 35 true 141.42
25 14 true 141.42
25 15 true 100.00
25 16 true 141.42
25 24 true 100.00
25 14 true 141.42
25 15 true 100.00
25 16 true 141.42
25 24 true 100.00
25 26 true 100.00
25 34 true 141.42
25 35 true 100.00
25 36 true 141.42
25 26 true 100.00
25 34 true 141.42
25 35 true 100.00
25 36 true 141.42
26 15 true 141.42
26 16 true 100.00
26 17 true 141.42
26 25 true 100.00
26 15 true 141.42
26 16 true 100.00
26 17 true 141.42
26 25 true 100.00
26 27 true 100.00
26 35 true 141.42
26 36 true 100.00
26 37 true 141.42
26 27 true 100.00
26 35 true 141.42
26 36 true 100.00
26 37 true 141.42
27 16 true 141.42
27 17 true 100.00
27 18 true 141.42
27 26 true 100.00
27 16 true 141.42
27 17 true 100.00
27 18 true 141.42
27 26 true 100.00
27 28 true 100.00
27 36 true 141.42
27 37 true 100.00
27 38 true 141.42
27 28 true 100.00
27 36 true 141.42
27 37 true 100.00
27 38 true 141.42
28 17 true 141.42
28 18 true 100.00
28 19 true 141.42
28 27 true 100.00
28 17 true 141.42
28 18 true 100.00
28 19 true 141.42
28 27 true 100.00
28 29 true 100.00
28 37 true 141.42
28 38 true 100.00
28 39 true 141.42
28 29 true 100.00
28 37 true 141.42
28 38 true 100.00
28 39 true 141.42
29 18 true 141.42
29 19 true 100.00
29 28 true 100.00
29 18 true 141.42
29 19 true 100.00
29 28 true 100.00
29 38 true 141.42
29 39 true 100.00
29 38 true 141.42
29 39 true 100.00
29 62 true 69.64
30 20 true 100.00
30 21 true 141.42
30 20 true 100.00
30 21 true 141.42
30 31 true 100.00
30 40 true 100.00
30 41 true 141.42
30 31 true 100.00
30 40 true 100.00
30 41 true 141.42
31 20 true 141.42
31 21 true 100.00
31 22 true 141.42
31 30 true 100.00
31 20 true 141.42
31 21 true 100.00
31 22 true 141.42
31 30 true 100.00
31 32 true 100.00
31 40 true 141.42
31 41 true 100.00
31 42 true 141.42
31 32 true 100.00
31 40 true 141.42
31 41 true 100.00
31 42 true 141.42
32 21 true 141.42
32 22 true 100.00
32 23 true 141.42
32 31 true 100.00
32 21 true 141.42
32 22 true 100.00
32 23 true 141.42
32 31 true 100.00
32 33 true 100.00
32 41 true 141.42
32 42 true 100.00
32 43 true 141.42
32 33 true 100.00
32 41 true 141.42
32 42 true 100.00
32 43 true 141.42
33 22 true 141.42
33 23 true 100.00
33 24 true 141.42
33 32 true 100.00
33 22 true 141.42
33 23 true 100.00
33 24 true 141.42
33 32 true 100.00
33 34 true 100.00
33 42 true 141.42
33 43 true 100.00
33 44 true 141.42
33 34 true 100.00
33 42 true 141.42
33 43 true 100.00
33 44 true 141.42
34 23 true 141.42
34 24 true 100.00
34 25 true 141.42
34 33 true 100.00
34 23 true 141.42
34 24 true 100.00
34 25 true 141.42
34 33 true 100.00
34 35 true 100.00
34 43 true 141.42
34 44 true 100.00
34 45 true 141.42
34 35 true 100.00
34 43 true 141.42
34 44 true 100.00
34 45 true 141.42
35 24 true 141.42
35 25 true 100.00
35 26 true 141.42
35 34 true 100.00
35 24 true 141.42
35 25 true 100.00
35 26 true 141.42
35 34 true 100.00
35 36 true 100.00
35 44 true 141.42
35 45 true 100.00
35 46 true 141.42
35 36 true 100.00
35 44 true 141.42
35 45 true 100.00
35 46 true 141.42
36 25 true 141.42
36 26 true 100.00
36 27 true 141.42
36 35 true 100.00
36 25 true 141.42
36 26 true 100.00
36 27 true 141.42
36 35 true 100.00
36 37 true 100.00
36 45 true 141.42
36 46 true 100.00
36 47 true 141.42
36 37 true 100.00
36 45 true 141.42
36 46 true 100.00
36 47 true 141.42
37 26 true 141.42
37 27 true 100.00
37 28 true 141.42
37 36 true 100.00
37 26 true 141.42
37 27 true 100.00
37 28 true 141.42
37 36 true 100.00
37 38 true 100.00
37 46 true 141.42
37 47 true 100.00
37 48 true 141.42
37 38 true 100.00
37 46 true 141.42
37 47 true 100.00
37 48 true 141.42
38 27 true 141.42
38 28 true 100.00
38 29 true 141.42
38 37 true 100.00
38 27 true 141.42
38 28 true 100.00
38 29 true 141.42
38 37 true 100.00
38 39 true 100.00
38 47 true 141.42
38 48 true 100.00
38 49 true 141.42
38 39 true 100.00
38 47 true 141.42
38 48 true 100.00
38 49 true 141.42
39 28 true 141.42
39 29 true 100.00
39 38 true 100.00
39 28 true 141.42
39 29 true 100.00
39 38 true 100.00
39 48 true 141.42
39 49 true 100.00
39 48 true 141.42
39 49 true 100.00
39 60 true 72.86
39 61 true 71.84
40 30 true 100.00
40 31 true 141.42
40 30 true 100.00
40 31 true 141.42
40 41 true 100.00
40 50 true 100.00
40 51 true 141.42
40 41 true 100.00
40 50 true 100.00
40 51 true 141.42
41 30 true 141.42
41 31 true 100.00
41 32 true 141.42
41 40 true 100.00
41 30 true 141.42
41 31 true 100.00
41 32 true 141.42
41 40 true 100.00
41 42 true 100.00
41 50 true 141.42
41 51 true 100.00
41 52 true 141.42
41 42 true 100.00
41 50 true 141.42
41 51 true 100.00
41 52 true 141.42
42 31 true 141.42
42 32 true 100.00
42 33 true 141.42
42 41 true 100.00
42 31 true 141.42
42 32 true 100.00
42 33 true 141.42
42 41 true 100.00
42 43 true 100.00
42 51 true 141.42
42 52 true 100.00
42 53 true 141.42
42 43 true 100.00
42 51 true 141.42
42 52 true 100.00
42 53 true 141.42
43 32 true 141.42
43 33 true 100.00
43 34 true 141.42
43 42 true 100.00
43 32 true 141.42
43 33 true 100.00
43 34 true 141.42
43 42 true 100.00
43 44 true 100.00
43 52 true 141.42
43 53 true 100.00
43 54 true 141.42
43 44 true 100.00
43 52 true 141.42
43 53 true 100.00
43 54 true 141.42
44 33 true 141.42
44 34 true 100.00
44 35 true 141.42
44 43 true 100.00
44 33 true 141.42
44 34 true 100.00
44 35 true 141.42
44 43 true 100.00
44 45 true 100.00
44 53 true 141.42
44 54 true 100.00
44 55 true 141.42
44 45 true 100.00
44 53 true 141.42
44 54 true 100.00
44 55 true 141.42
45 34 true 141.42
45 35 true 100.00
45 36 true 141.42
45 44 true 100.00
45 34 true 141.42
45 35 true 100.00
45 36 true 141.42
45 44 true 100.00
45 46 true 100.00
45 54 true 141.42
45 55 true 100.00
45 56 true 141.42
45 46 true 100.00
45 54 true 141.42
45 55 true 100.00
45 56 true 141.42
46 35 true 141.42
46 36 true 100.00
46 37 true 141.42
46 45 true 100.00
46 35 true 141.42
46 36 true 100.00
46 37 true 141.42
46 45 true 100.00
46 47 true 100.00
46 55 true 141.42
46 56 true 100.00
46 57 true 141.42
46 47 true 100.00
46 55 true 141.42
46 56 true 100.00
46 57 true 141.42
47 36 true 141.42
47 37 true 100.00
47 38 true 141.42
47 46 true 100.00
47 36 true 141.42
47 37 true 100.00
47 38 true 141.42
47 46 true 100.00
47 48 true 100.00
47 56 true 141.42
47 57 true 100.00
47 58 true 141.42
47 48 true 100.00
47 56 true 141.42
47 57 true 100.00
47 58 true 141.42
48 37 true 141.42
48 38 true 100.00
48 39 true 141.42
48 47 true 100.00
48 37 true 141.42
48 38 true 100.00
48 39 true 141.42
48 47 true 100.00
48 49 true 100.00
48 57 true 141.42
48 58 true 100.00
48 59 true 141.42
48 49 true 100.00
48 57 true 141.42
48 58 true 100.00
48 59 true 141.42
49 38 true 141.42
49 39 true 100.00
49 48 true 100.00
49 38 true 141.42
49 39 true 100.00
49 48 true 100.00
49 58 true 141.42
49 59 true 100.00
49 58 true 141.42
49 59 true 100.00
49 60 true 72.86
49 68 true 66.22
50 40 true 100.00
50 41 true 141.42
50 40 true 100.00
50 41 true 141.42
50 51 true 100.00
50 51 true 100.00
50 87 true 65.76
51 40 true 141.42
51 41 true 100.00
51 42 true 141.42
51 50 true 100.00
51 40 true 141.42
51 41 true 100.00
51 42 true 141.42
51 50 true 100.00
51 52 true 100.00
51 52 true 100.00
51 86 true 52.61
51 87 true 71.59
52 41 true 141.42
52 42 true 100.00
52 43 true 141.42
52 51 true 100.00
52 41 true 141.42
52 42 true 100.00
52 43 true 141.42
52 51 true 100.00
52 53 true 100.00
52 53 true 100.00
52 83 true 69.20
52 85 true 77.90
53 42 true 141.42
53 43 true 100.00
53 44 true 141.42
53 52 true 100.00
53 42 true 141.42
53 43 true 100.00
53 44 true 141.42
53 52 true 100.00
53 54 true 100.00
53 54 true 100.00
53 82 true 75.74
53 83 true 79.93
53 84 true 79.63
54 43 true 141.42
54 44 true 100.00
54 45 true 141.42
54 53 true 100.00
54 43 true 141.42
54 44 true 100.00
54 45 true 141.42
54 53 true 100.00
54 55 true 100.00
54 55 true 100.00
54 81 true 73.82
54 82 true 74.41
55 44 true 141.42
55 45 true 100.00
55 46 true 141.42
55 54 true 100.00
55 44 true 141.42
55 45 true 100.00
55 46 true 141.42
55 54 true 100.00
55 56 true 100.00
55 56 true 100.00
55 80 true 71.34
56 45 true 141.42
56 46 true 100.00
56 47 true 141.42
56 55 true 100.00
56 45 true 141.42
56 46 true 100.00
56 47 true 141.42
56 55 true 100.00
56 57 true 100.00
56 57 true 100.00
56 75 true 78.52
56 79 true 81.54
57 46 true 141.42
57 47 true 100.00
57 48 true 141.42
57 56 true 100.00
57 46 true 141.42
57 47 true 100.00
57 48 true 141.42
57 56 true 100.00
57 58 true 100.00
57 58 true 100.00
57 73 true 74.40
57 75 true 69.03
57 76 true 78.64
58 47 true 141.42
58 48 true 100.00
58 49 true 141.42
58 57 true 100.00
58 47 true 141.42
58 48 true 100.00
58 49 true 141.42
58 57 true 100.00
58 59 true 100.00
58 59 true 100.00
58 72 true 77.80
58 73 true 82.07
59 48 true 141.42
59 49 true 100.00
59 58 true 100.00
59 48 true 141.42
59 49 true 100.00
59 58 true 100.00
59 68 true 78.64
59 70 true 63.00
59 71 true 54.23
59 72 true 81.57
60 39 true 72.86
60 49 true 72.86
60 61 true 71.81
60 67 true 79.31
60 69 true 63.41
61 39 true 71.84
61 60 true 71.81
61 62 true 55.15
61 66 true 81.74
61 67 true 79.51
62 29 true 69.64
62 61 true 55.15
62 64 true 61.85
62 65 true 79.83
63 19 true 73.43
63 64 true 40.61
63 92 true 77.65
63 93 true 74.20
64 62 true 61.85
64 63 true 40.61
64 65 true 67.20
65 62 true 79.83
65 64 true 67.20
65 66 true 61.40
65 96 true 74.32
66 61 true 81.74
66 65 true 61.40
66 67 true 65.15
67 60 true 79.31
67 61 true 79.51
67 66 true 65.15
67 69 true 78.77
68 49 true 66.22
68 59 true 78.64
68 69 true 57.28
68 70 true 60.02
69 60 true 63.41
69 67 true 78.77
69 68 true 57.28
70 59 true 63.00
70 68 true 60.02
70 71 true 79.25
71 59 true 54.23
71 70 true 79.25
71 72 true 58.55
72 58 true 77.80
72 59 true 81.57
72 71 true 58.55
72 74 true 73.39
73 57 true 74.40
73 58 true 82.07
73 74 true 43.42
73 76 true 62.36
73 77 true 60.90
74 72 true 73.39
74 73 true 43.42
74 77 true 69.08
75 56 true 78.52
75 57 true 69.03
75 76 true 35.47
75 77 true 82.04
75 78 true 68.12
76 57 true 78.64
76 73 true 62.36
76 75 true 35.47
76 77 true 46.86
76 78 true 76.69
77 73 true 60.90
77 74 true 69.08
77 75 true 82.04
77 76 true 46.86
78 75 true 68.12
78 76 true 76.69
78 79 true 54.64
78 88 true 73.82
79 56 true 81.54
79 78 true 54.64
79 80 true 61.13
79 88 true 65.79
80 55 true 71.34
80 79 true 61.13
80 81 true 76.11
80 88 true 76.66
80 89 true 74.63
81 54 true 73.82
81 80 true 76.11
81 82 true 80.75
81 89 true 76.06
81 90 true 82.73
82 53 true 75.74
82 54 true 74.41
82 81 true 80.75
82 84 true 65.19
82 90 true 73.38
83 52 true 69.20
83 53 true 79.93
83 84 true 53.67
83 85 true 81.05
84 53 true 79.63
84 82 true 65.19
84 83 true 53.67
85 52 true 77.90
85 83 true 81.05
85 86 true 56.32
86 51 true 52.61
86 85 true 56.32
86 87 true 62.20
87 50 true 65.76
87 51 true 71.59
87 86 true 62.20
88 78 true 73.82
88 79 true 65.79
88 80 true 76.66
88 89 true 79.06
89 80 true 74.63
89 81 true 76.06
89 88 true 79.06
89 91 true 55.95
90 81 true 82.73
90 82 true 73.38
90 91 true 53.01
91 89 true 55.95
91 90 true 53.01
92 9 true 79.98
92 19 true 67.80
92 63 true 77.65
92 93 true 76.06
92 94 true 56.44
93 63 true 74.20
93 92 true 76.06
93 95 true 68.95
93 96 true 70.01
94 9 true 82.61
94 92 true 56.44
94 95 true 65.97
95 93 true 68.95
95 94 true 65.97
96 65 true 74.32
96 93 true 70.01
